20359
23647
31824
3935
17545
15877
27373
11068
9486
23697
24914
25672
23007
22194
17272
7645
22476
17925
2198
20393
8430
5624
26349
25078
5468
27754
21563
11618
746
27475
20815
22147
22099
5756
13451
13255
25438
15877
27131
25280
23962
12501
7528
14061
4943
25966
7648
2594
16694
21618
4682
28920
20614
17876
7394
15570
2367
17937
9793
32138
8581
23433
10328
22096
19126
29963
15044
12354
23019
22380
9338
26955
21683
17816
3965
3551
20921
26761
9423
19793
4917
7594
5073
1607
15434
23852
31762
6342
6609
4437
4144
21103
1243
1075
19111
19458
18468
18349
24662
19459
25362
